7129
23485
27780
25227
15660
18889
12273
9846
3350
8540
11594
26646
32660
32647
31165
26805
23181
32326
23406
20493
15902
18906
2165
30585
26698
28553
11321
27615
5244
26650
5836
11146
723
7911
4083
16708
1205
15668
21588
3788
4870
6030
10059
27675
7401
13446
19251
15055
5626
22132
4272
7163
9289
22942
16996
19463
6722
2054
29667
23846
27498
14562
12672
25135
2178
7576
27065
5324
2015
25502
6839
3226
4857
22468
3729
4741
25088
6006
27323
15329
18930
21048
26031
17715
17048
7074
22053
14290
19661
21247
31549
26588
17243
10652
21028
28145
29394
20676
12360
1911
12339
795
1203
10720
12987
7893
15523
3487
32095
32535
19397
9435
9939
26506
19852
19725
19991
20183
9045
24911
11352
21437
23503
13121
7948
30567
17823
22276
31831
16075
6707
6743
23764
9108
19523
26754
19749
17554
24268
17416
26989
9056
13347
5714
5349
26302
17532
26396
28888
742
21065
24939
21220
1609
19311
5323
13559
23295
10232
6997
10868
20427
22983
9853
6392
32743
6616
18640
29021
14892
10141
18108
6463
3735
6349
18760
15098
11099
8383
29069
24719
22919
20558
17222
25895
3192
7382
17975
25126
28217
29489
21711
7486
23234
7199
22218
1353
4299
7117
18318
20514
10657
16927
7865
4365
6816
5513
22261
4401
11931
31050
8668
2095
29444
15775
12323
28884
5761
28894
1296
7341
25149
15610
24972
20754
2039
7256
30386
17493
24408
16811
20903
21701
27924
20143
22192
23652
25695
14153
6565
16874
1174
21251
2145
9166
15548
3411
616
10150
3008
4630
28403
12796
18963
16530
16727
19944
20088
20107
4976
10877
31518
3139
1435
12842
4066
19639
6138
12946
8699
3278
10723
14093
25626
27143
12726
13321
30998
21397
24645
31019
1296
27499
21621
3141
18322
28508
5969
29377
3689
16112
2986
18526
12342
19769
27452
24436
23909
9606
7905
24055
12026
15635
11838
29493
23321
23436
26402
29968
28235
12235
14637
30641
9915
25869
19863
4913
8155
28585
20979
10887
11580
22571
545
23458
9087
8816
30840
7384
15849
14021
19904
8268
26974
11399
25820
22660
23914
29074
16168
5341
20396
14421
4432
7028
27952
30910
7983
24449
18793
15894
21277
7265
21931
20382
7588
10968
21077
30751
31127
11545
31885
15532
25408
7034
31088
19132
5676
11376
3982
18752
3284
15781
22390
15149
3107
31499
5076
29564
21174
24055
14444
15855
14832
19492
3553
27639
9677
18751
19297
23701
23619
15507
26637
22962
19300
20764
5705
14521
3262
14877
32561
29333
9812
30826
3034
20533
29300
23573
3592
18075
6616
16162
31705
26078
27260
31312
20106
18642
93
6902
15008
30856
21458
3274
23548
5017
21761
28844
13447
17543
12962
26184
5533
5531
738
32705
1396
4728
1792
9577
4514
20032
28172
24189
784
9898
3849
22484
22777
26371
8716
25875
24033
633
770
9570
25328
1439
14455
14823
8994
9937
1227
21725
2430
17998
22407
1020
15673
9619
1602
5542
27317
10877
549
22997
28165
11926
31244
12421
5186
31202
27868
1179
6908
20202
5668
10392
12067
23714
12707
21235
966
25496
9377
28279
24314
5815
18800
24525
7337
15864
30542
21054
2668
20395
7273
17020
23466
32132
1853
24782
12369
7194
3203
2780
3320
30733
15171
17498
3002
8203
21279
11894
21007
24435
1719
32310
16080
1030
22341
1099
27061
4274
19339
13513
9452
13531
19173
705
22241
20508
3346
23065
18579
20491
9009
28292
14293
10307
25008
5778
24722
12376
30572
24669
14133
1309
24196
18377
4010
25752
25267
30493
9116
25003
22617
23716
9904
1618
32039
9637
30843
30480
20419
14628
9272
169
4609
5594
8093
6101
24665
29878
19
205
17512
3113
25813
888
25045
4631
20378
18053
21201
14586
16116
14674
20275
16977
23166
10047
12871
30986
2402
421
8618
21728
22719
4560
11721
7852
20530
10541
507
4347
3554
2483
32590
23469
20252
30105
17178
32528
29885
20137
31052
29256
1609
21281
12211
15160
4716
31609
26873
20785
9975
22865
24319
16090
3833
516
2709
15434
18086
24142
22108
27179
15151
15926
32340
26260
2982
26789
22941
1465
26118
16464
21933
1777
25505
28320
2491
28694
22936
18486
29331
12962
16713
15674
21766
2397
29622
28831
25775
19028
28704
30445
28823
26644
6159
9040
31585
9481
4568
13143
8677
25630
1068
7116
3667
123
11429
9607
25576
7008
19534
10021
5078
2092
8976
6870
1483
32566
22571
7834
9270
3008
756
8244
15838
19194
3960
18674
3074
23567
6553
15894
9832
7090
857
29531
31485
2033
7543
30199
21905
24483
26521
32735
3796
13096
5564
5998
15099
26474
26696
21973
12161
18434
381
26322
1677
7787
4250
3755
8483
13194
15185
20779
7384
14532
23536
2061
5459
32698
18171
3925
11910
6034
12119
14524
30182
31243
27629
16476
4737
5198
13032
20887
12372
31066
17486
2500
18660
29817
25850
26474
5013
21448
30224
20703
30835
24643
21260
17129
2472
2766
29596
7018
19740
2712
6928
26009
16144
27275
2455
12690
7233
7989
1862
5325
20514
32556
9418
29767
8106
28464
19108
22718
14853
12647
32414
17333
19694
14168
4670
13260
17655
16684
19469
31693
3795
20462
20151
32345
2704
9128
11311
32618
5854
20059
18012
22594
29437
25626
27240
27740
16847
13056
31898
2646
20821
9590
8344
3420
9590
28171
10255
5940
32706
9170
27652
32297
23909
16690
18941
2107
6585
18801
14808
12008
10253
7882
29258
292
5921
9770
13026
21377
22326
9101
8044
28084
18519
21952
22154
1477
28516
16733
27634
31788
27096
107
7463
3517
30079
29638
22027
10031
10124
2962
11745
4135
3754
19509
16300
16010
26781
22485
28334
7493
7646
24183
26197
28341
15740
9518
4131
27492
30512
6723
9618
15758
18058
8722
28879
12090
9862
16463
13087
21569
5661
23854
8853
28788
29358
4120
18533
5378
19853
6900
16863
16653
24409
28563
16010
1041
31232
6755
22968
19281
14374
28475
14320
28874
26559
15286
12025
6967
16894
6415
26080
23441
6690
27969
29921
27333
24953
31076
17977
32497
3388
6558
29885
22751
14720
8738
5001
2633
25747
29306
14885
22096
9024
29622
22173
2150
2180
10439
9556
22909
17527
28177
24287
11020
18855
2962
17718
25324
30085
511
5870
8749
17480
4073
11708
5272
12459
